-1.92426 0.587977 -1.45504 -2.12828 -1.52211 -0.157035 -1.17374 -1.19976 -1.8626 -1.88477 -1.30927 -2.8587 -2.51509 -0.117138 -2.25251 -2.55128 -2.96257 
-0.990035 -3.40565 -2.28933 -2.05044 -1.38699 -2.29986 -0.866112 0.278992 -0.957877 -1.66169 -1.64412 -2.56518 -2.25286 -0.536466 -0.718495 -1.14792 -1.71707 -3.50782 -2.85261 -0.617286 
-0.584215 -2.79423 0.0832165 -2.81992 -1.85405 -2.1916 -3.22251 -1.77209 -0.28378 -0.563224 -3.09033 -1.93537 -1.17936 -1.00669 
-1.26663 -1.06412 -0.939148 -1.50761 -1.97891 -1.31903 -1.72403 -0.506553 -1.71556 -0.66905 -2.03305 -2.19624 -0.0525086 -0.709926 -0.611929 -1.73504 -1.00085 -1.42415 -1.79453 -3.51355 -0.322682 -2.44355 -2.86616 -1.1927 
-1.13238 -2.40249 -1.49567 -1.53095 -3.50993 -3.15862 -2.83622 -0.989745 -1.39204 -1.89712 -3.75685 -2.21205 -2.03926 -2.17924 -2.3919 -1.22019 
-1.16178 -1.85127 -2.65037 -2.55523 -1.8603 -0.916156 -2.89555 -1.51418 -2.91924 0.0623654 -0.212635 -2.06371 -1.2904 -2.38058 -3.02356 -0.373037 
-0.790682 -2.4807 -0.42849 -2.86833 -0.985204 -1.51557 -2.37681 -1.20926 0.0656207 -0.253452 -2.04863 -1.11673 -2.86429 -1.78204 -1.06007 0.0697948 -0.608334 
-2.44519 -3.23567 -2.11253 -1.32875 -1.87955 -1.91302 -2.84038 -1.66487 -1.29466 -2.32416 -1.57736 0.374382 
-0.831918 -0.512853 -3.00732 -2.55137 -2.45977 -1.4373 -1.79688 -2.50967 0.12807 -1.0796 -2.56465 -0.190869 -1.24328 -1.00662 0.316403 0.212712 -0.467787 
-1.40958 -2.87213 0.0141713 -0.76243 -2.83855 -3.79942 -1.43197 -1.38496 0.166301 -1.54933 -0.821211 -0.385959 -2.88998 -1.58919 -1.24552 -1.34201 -0.614407 
-1.69535 -1.66554 -1.85147 -1.88078 -2.37412 -2.40822 -0.524439 -1.29731 -0.934836 -1.95956 -1.71676 -0.832619 -1.91614 
-2.43707 -0.598882 -0.854208 -2.30254 -0.623875 -0.218607 -1.05984 -2.42969 -3.78906 -2.24354 -0.391478 
-1.54372 -1.2356 -0.22812 -1.49152 -0.73326 -1.12754 -1.34572 -2.13797 -2.24007 
